[EFFECT]
.\textures\Effect\Effect.txt

[ENEMY]
.\textures\Enemy\Enemy.txt

# không để dưới 2 cái này
# HUD : 12, 13 bên file HUD.txt
[HUD]
.\textures\HUD\HUD.txt

[ITEM]
.\textures\Item\Item.txt

[MARIO]
.\textures\Mario\Mario.txt

[OBJECT]
.\textures\Object\Object.txt

[WEAPON]
.\textures\Weapon\Weapon.txt

[MAP]
10000	.\textures\World\World1\Scene1.1Tile.png	255	255	255	.\textures\World\World1\Scene1.1Map.txt

[SETTINGS]
cam	0	0	2816	416	0
time	300
scene	2

[OBJECTS]
# 0.Category	1.ObjectType	2.x	3.y	4.ani_set_id	.................
# Category: 0 = Player , 1 = Object, 2 = Enemy, 3 = Item, 4 = Weapon, 5.Effect
# ObjectType: 0 = Mario , 1 = Brick, 2 = Goomba, 3 = Koopas, 4 = Question Brick
#======================================================================================================
#=============================================== MARIO ================================================
#======================================================================================================
# bắt đầu
#0	0	10	360	0	2336	352
#0	0	450	300	0	2336	352
#0	0	800	360	0	2336	352

# tren cong' map an
#0	0	2272	48	0	2336	352

# trước hàng gạch
#0	0	2200	350	0	2336	352
#0	0	2050	350	0	2336	352

# trên đám mây
#0	0	1500	100	0	2336	352

0	0	2600	350	0	2336	352
#======================================================================================================
#=============================================== OBJECTS ==============================================
#======================================================================================================
#----------------------------------------------- QUESTION BRICK --------------------------------------
1	25	176	352	4	2	0	0
1	25	224	304	4	2	0	1
1	25	416	320	4	1	0
1	25	656	384	4	1	1
1	25	720	352	4	1	0
1	25	1472	368	4	1	1
#----------------------------------------------- BRICK ------------------------------------------------
#Category	type	x	y	ani_set_id	type_brick( 0: normal, 1: cloud)
1	27	1504	336	1	2	0	0
1	27	1600	368	1	1	0
1	27	1584	384	1	2	0	0
1	27	1568	400	1	3	0	0	0
1	27	1664	368	1	1	0
1	27	1664	384	1	2	0	0
1	27	1664	400	1	3	0	0	0
1	27	1408	192	1	4	1	1	1	1
1	27	1488	176	1	13	1	1	1	1	1	1	1	1	1	1	1	1	1
1	27	2272	304	1	2	0	0
1	27	2272	368	1	2	0	0
#----------------------------------------------- BLOCK -----------------------------------------
1	6	240	368	6	48	48
1	6	272	336	6	48	80
1	6	400	368	6	80	48
1	6	464	336	6	64	80
1	6	512	304	6	64	112
1	6	512	384	6	96	32
1	6	1264	384	6	112	32
1	6	1296	352	6	112	64
1	6	1328	320	6	112	96
1	6	1312	144	6	64	32
1	6	2144	368	6	48	48
1	6	2176	272	6	48	144
#----------------------------------------------- GROUND -----------------------------------------
1	7	0	416	400	624	16
1	7	624	400	400	464	32
1	7	1152	416	400	352	16
1	7	1536	416	400	80	16
1	7	1664	416	400	576	16
1	7	2272	416	400	560	16
1	7	1408	192	400	64	16
1	7	1488	176	400	208	16
#----------------------------------------------- LIST ITEM BRICK -----------------------------------
1	24	1440	128	13	1	1
1	24	1984	368	13	4	0	0	0	2
1	24	1968	384	13	5	0	0	0	0	0
1	24	1952	400	13	7	0	0	0	0	0	0	0
1	24	2096	384	13	1	0
1	24	2096	400	13	2	0	0
#======================================================================================================
#=============================================== ENEMY ================================================
#======================================================================================================
#----------------------------------------------- GOOMBA -----------------------------------------------
2	2	220	400	2
2	2	450	400	2
2	2	1040	368	2
2	2	1008	368	2
#----------------------------------------------- RED GOOMBA -----------------------------------------------
2	26	1072	368	26
#----------------------------------------------- RED KOOPAS --------------------------------------------
2	3	544	350	3
2	3	2108	320	3
#----------------------------------------------- GREEN KOOPAS -----------------------------------------
2	10	1472	370	10
#----------------------------------------------- GREEN FLY KOOPAS --------------------------------------
2	11	1408	272	11
2	11	1376	272	11
2	11	1344	272	11
#---------------------------------------- RED FIRE PLANT --------------------------------------
2	9	360	300	9
#--------------------------------------- GREEN PLANT ------------------------------------------
2	15	1792	250	15
#--------------------------------------- GREEN FIRE PLANT -------------------------------------
2	16	1856	250	16
#----------------------------------------------- WARPPIPE -----------------------------------------
#0.category	1.objtype	2.x	3.y	4.aniset_id	width	height	HiddenWorld
1	200	352	368	5	32	48	0	0
1	200	1792	384	5	32	32	0	0
1	200	1856	368	5	32	48	0	0
1	200	2272	112	5	32	192	0	11
1	200	2272	384	5	32	32	0	0
1	200	2336	384	5	32	32	0	0
#======================================================================================================
#=============================================== ITEM ==============================================
#======================================================================================================
#----------------------------------------------- CARD -----------------------------------------
3	19	2688	336	19
#----------------------------------------------- COIN -----------------------------------------
3	12	1072	320	12
3	12	1104	304	12
3	12	1136	288	12
3	12	1168	272	12
3	12	1200	256	12
3	12	1328	80	12
3	12	1344	80	12
3	12	1360	80	12
3	12	1472	112	12
3	12	1488	112	12
3	12	1536	128	12
3	12	1552	128	12
3	12	1568	128	12
3	12	1584	128	12
3	12	1616	112	12
3	12	1632	112	12
3	12	1648	112	12
3	12	1664	112	12
3	12	1696	144	12
3	12	1728	112	12
3	12	1760	128	12
3	12	1808	96	12
3	12	1840	128	12