[EFFECT]
.\textures\Effect\Effect.txt

[ENEMY]
.\textures\Enemy\Enemy.txt

# không để dưới 2 cái này
# HUD : 12, 13 bên file HUD.txt
[HUD]
.\textures\HUD\HUD.txt

[ITEM]
.\textures\Item\Item.txt

[MARIO]
.\textures\Mario\Mario.txt

[OBJECT]
.\textures\Object\Object.txt

[WEAPON]
.\textures\Weapon\Weapon.txt

[MAP]
10000	.\textures\World\World1\Scene1.4Tile.png	255	255	255	.\textures\World\World1\Scene1.4Map.txt

[SETTINGS]
cam	0	40	2080	176	1
time	300
scene	2
# id	left	top	right	bottom	texture_id

[OBJECTS]
# type	x	y	ani_set_id	extra_settings per object type
# type: 0 = Mario , 1 = Brick, 2 = Goomba, 3 = Koopas, 4 = Question Brick
# MARIO
# bắt đầu
0	0	0	80	0	2320	352
#0	0	1936	30	0	2320	352
#0	0	976	112	0	2320	352
#======================================================================================================
#=============================================== OBJECTS ==============================================
#======================================================================================================
#----------------------------------------------- BLOCK --------------------------------------
1	6	1952	128	6	48	36
#----------------------------------------------- BRICK --------------------------------------
1	1	2032	0	1	0
1	1	2032	16	1	0
1	1	2032	32	1	0
1	1	2032	48	1	0
1	1	2032	64	1	0
1	1	2032	80	1	0
1	1	2032	96	1	0
1	1	2032	112	1	0
1	1	2032	128	1	0
1	1	2032	144	1	0
#---- Ground-----
1	7	0	112	400	160	64
1	7	1904	160	400	144	16
# =====  ITEM BRICK ======
1	24	224	112	13	4	0	0	0	0
1	24	384	96	13	5	0	0	0	0	0
1	24	608	48	13	4	0	0	1	0
1	24	640	128	13	2	0	0
1	24	752	80	13	1	0
1	24	752	96	13	1	0
1	24	752	112	13	1	0
1	24	752	128	13	4	0	0	0	0
1	24	864	96	13	1	0
1	24	864	112	13	1	0
1	24	864	128	13	1	0
1	24	864	144	13	3	0	0	0
1	24	944	96	13	1	0
1	24	944	112	13	2	0	1
1	24	960	160	13	4	0	0	0	0
1	24	1008	112	13	5	3	0	0	0	0
1	24	1168	144	13	4	0	0	0	0
1	24	1184	64	13	4	0	0	0	0
1	24	1232	48	13	1	1
1	24	1264	128	13	2	0	0
1	24	1392	64	13	3	0	0	0
1	24	1536	48	13	1	3
1	24	1536	64	13	1	0

1	24	1536	128	13	1	0
1	24	1536	144	13	1	0
1	24	1536	160	13	4	0	0	0	0

1	24	1728	48	13	1	0
1	24	1728	64	13	1	0
1	24	1728	80	13	1	0
1	24	1776	128	13	3	0	0	0

# ===== COIN ======
3	12	336	64	12
3	12	352	64	12
3	12	368	64	12

3	12	416	32	12
3	12	432	32	12
3	12	448	32	12

3	12	768	64	12
3	12	784	64	12
3	12	800	64	12

3	12	848	32	12
3	12	864	32	12
3	12	880	32	12

3	12	1328	48	12
3	12	1344	48	12
3	12	1360	48	12

3	12	1504	32	12
3	12	1504	48	12
3	12	1504	64	12
3	12	1504	80	12
3	12	1504	96	12
3	12	1504	112	12
3	12	1504	128	12
3	12	1504	144	12

3	12	1888	64	12
3	12	1904	64	12
3	12	1920	64	12

#======== FLY WOOD =========
1	20	368	80	20
1	20	560	112	20
1	20	592	64	20
1	20	624	160	20
1	20	752	96	20
1	20	1088	144	20
1	20	1200	80	20
1	20	1376	112	20
1	20	1408	96	20
1	20	1552	64	20
1	20	1744	144	20
1	20	1776	96	20
# Red fly koopas
2	23	1872	16	23
# red koopas
2	3	1984	96	3
2	3	1040	64	3
#======= WARPPIPE =========
#objtype	x	y	aniset_id	width	height	HiddenWorld
1	200	1920	96	5	32	64	0	13


