[TEXTURES]
40	.\textures\Weapon\Weapon.png	68	145	190
[SPRITES]
#==================================== FIRE BULLET ================================================
# Right
1000	55	10	63	18	40
1001	73	9	81	18	40
1002	73	30	81	38	40
1003	55	29	63	38	40
# Left
1004	11	9	19	18	40
1005	11	30	19	38	40
1006	29	29	37	38	40
1007	29	10	37	18	40
#==================================== MARIO TAIL ================================================
# RIGHT
# 0
1200	366	261	372	268	0
# 1
1201	373	257	380	266	0
# 2
1202	382	261	388	268	0
# 3
1203	391	262	396	270	0
# 4
1204	366	278	372	284	0
# 5
1205	374	276	380	284	0
# 6
1206	383	275	388	283	0
# 7
1207	389	274	396	280	0
# INVISIBLE
1208	360	261	365	266	0

# LEFT
# 0
1210	268	261	274	268	1
# 1
1211	260	257	267	266	1
# 2
1212	252	261	258	268	1
# 3
1213	244	262	249	270	1
# 4
1214	268	278	274	284	1
# 5
1215	260	276	266	284	1
# 6
1216	252	275	257	283	1
# 7
1217	244	274	251	280	1





[ANIMATIONS]
#==================================== FIRE BULLET ================================================
# Right
1000	1000	100	1001	100	1002	100	1003	100
# Left
1001	1004	100	1005	100	1006	100	1007	100
#==================================== MARIO TAIL ================================================
# RIGHT
# 0
1200	1200	100
# 1
1201	1201	100
# 2
1202	1202	100
# 3
1203	1203	100
# 4
1204	1204	100
# 5
1205	1205	100
# 6
1206	1206	100
# 7
1207	1207	100
# LEFT
# 0
1208	1210	100
# 1
1209	1211	100
# 2
1210	1212	100
# 3
1211	1213	100
# 4
1212	1214	100
# 5
1213	1215	100
# 6
1214	1216	100
# 7
1215	1217	100
# INVISIBLE
1216	1208	100
# tail walking right 
1217	1206	100	1202	100	1207	100
# tail walking right 
1218	1216	100	1212	100	1217	100
# tail flying low right 
1219	1207	100	1205	100
# tail flying low left 
1220	1217	100	1215	100





[ANIMATION_SETS]
#==================================== FIRE BULLET ===========================================
100	1000	1001
#==================================== MARIO TAIL ============================================
1200	1200	1201	1202	1203	1204	1205	1206	1207	1208	1209	1210	1211	1212	1213	1214	1215	1216	1217	1218	1219	1220
