[TEXTURES]
# HUD
12	.\textures\HUD\Hub.png	255	255	255
13	.\textures\HUD\enemy.png	68	145	190
[SPRITES]
#===== HUD Main========
#90000	3	225	156	254	13
90000	5	298	186	326	13
# item empty
90001	116	259	141	288	13
# mushroom
90002	41	259	66	288	13
# flower
90003	66	259	91	288	13
# start
90004	91	259	116	288	13
# arrow
91001	11	260	20	268	13
# p
91002	20	260	36	268	13
# mario
92001	16	270	33	278	13
# L 
92002	16	278	33	286	13
[ANIMATIONS]
#===== HUD ========
#HUB
90000	90000	500
90001	90001	500
90002	90002	500
90003	90003	500
90004	90004	500
91001	91001	500
91002	91002	500
92001	92001	500
92002	92002	500