 0 2 0 2
 1 2 1 2
 1 2 1 2
 2 2 3 2
 4 2 5 2
 5 2 5 2
 10 2 10 2
 10 2 10 2
 11 2 11 2
 11 2 11 2
 10 2 11 2
 11 2 11 2
 11 2 11 2
 11 2 11 2
 9 1 10 1
 10 1 11 1
 15 2 16 2
 15 2 16 2
 1 2 2 2
 1 2 2 2
 2 2 3 2
 3 2 3 2
 3 2 4 2
 3 2 4 2
 8 2 9 2
 9 2 9 2
 9 2 10 2
 9 1 9 1
 14 2 15 2
 15 1 15 2
 0 2 4 2
 4 2 7 2
 8 2 10 2
 10 2 11 2
 11 2 15 2
 15 2 19 2
 9 1 10 1
 10 1 11 1
 10 0 10 1
 13 2 14 2
 13 2 14 2
 13 2 14 2
 14 2 14 2
 14 2 14 2
 1 2 1 2
 3 2 3 2
 7 2 7 2
 7 2 7 2
 7 2 7 2
 3 2 3 2
 14 2 14 2
 10 2 10 2
 9 1 9 2
 9 1 9 2
 9 1 9 2
 2 2 2 2
 12 1 12 1
 12 1 13 1
 2 2 2 2
 12 2 12 2
 12 2 13 2
 15 0 16 2
 15 2 16 2
 16 2 16 2
 18 2 18 2
 7 2 7 2
 7 2 7 2
 7 2 8 2
 8 1 8 2
 8 1 8 1
 9 0 9 0
 9 0 9 0
 9 0 9 0
 10 0 10 0
 10 0 10 0
 10 0 10 1
 10 0 10 1
 10 0 11 1
 11 0 11 1
 11 0 11 0
 11 0 11 0
 11 0 11 0
 11 0 11 0
 11 1 11 1
 12 0 12 0
 12 0 12 1
 12 0 12 0
 12 0 12 1
