 0 2 0 2
 0 2 8 2
 9 2 10 2
 10 2 17 2
 1 2 1 2
 1 2 2 2
 10 2 11 2
 10 1 11 2
 11 2 11 2
 12 2 12 2
 12 2 12 2
 12 2 13 2
 13 2 13 2
 3 2 3 2
 3 2 3 2
 3 2 3 2
 3 2 3 2
 3 2 4 2
 4 2 4 2
 4 2 4 2
 4 2 4 2
 4 2 4 2
 4 2 4 2
 3 2 3 2
 4 2 4 2
 3 2 3 2
 3 2 3 2
 3 2 3 2
 5 2 5 2
 5 2 5 2
 5 2 5 2
 5 2 5 2
 5 2 5 2
 6 2 6 2
 6 2 6 2
 6 2 6 2
 7 2 7 2
 7 2 7 2
 7 2 7 2
 7 2 7 2
 8 2 8 2
 8 2 8 2
 8 2 8 2
 8 2 8 2
 6 2 6 2
 11 2 11 2
 11 2 11 2
 7 2 7 2
 7 2 8 2
 14 2 14 2
 1 2 1 2
 5 2 5 2
 2 2 2 2
 9 2 9 2
 4 2 4 2
 16 2 17 2
 7 2 7 2
 7 2 7 2
 7 2 7 2
 7 2 8 2
 8 2 8 2
 8 2 8 2
