[EFFECT]
.\textures\Effect\Effect.txt

[ENEMY]
.\textures\Enemy\Enemy.txt

# không để dưới 2 cái này
# HUD : 12, 13 bên file HUD.txt
[HUD]
.\textures\HUD\HUD.txt

[ITEM]
.\textures\Item\Item.txt

[MARIO]
.\textures\Mario\Mario.txt

[OBJECT]
.\textures\Object\Object.txt

[WEAPON]
.\textures\Weapon\Weapon.txt

[MAP]
10000	.\textures\World\World1\Scene1.3\Scene1.3Tile.png	255	255	255	.\textures\World\World1\Scene1.3\Scene1.3Map.txt

[SETTINGS]
cam	0	50	2816	270	0
time	300
scene	2

[OBJECTS]
# 0.Category	1.ObjectType	2.x	3.y	4.ani_set_id	.................
# Category: 0 = Player , 1 = Object, 2 = Enemy, 3 = Item, 4 = Weapon, 5.Effect
# ObjectType: 0 = Mario , 1 = Brick, 2 = Goomba, 3 = Koopas, 4 = Question Brick
#======================================================================================================
#=============================================== MARIO ================================================
#======================================================================================================
# bắt đầu
0	0	1950	360	0	2336	352

#======================================================================================================
#=============================================== OBJECTS ==============================================
#======================================================================================================
#----------------------------------------------- GROUND -----------------------------------------
1	7	0	416	400	1280	16
1	7	1296	416	400	176	16
1	7	1488	416	400	1072	16
#----------------------------------------------- BLOCK -----------------------------------------
1	6	176	384	6	64	32
1	6	224	336	6	64	32
1	6	1552	368	6	80	32
1	6	1568	272	6	64	32
#1	6	1648	336	6	64	32
#1	6	1728	304	6	64	32
#1	6	1760	352	6	80	32
#1	6	1856	320	6	64	32
#1	6	1936	288	6	64	128
#----------------------------------------------- LIST ITEM BRICK -----------------------------------
1	24	512	400	13	3	0	0	0
1	24	512	384	13	1	0
1	24	512	368	13	2	0	0
1	24	512	352	13	3	0	0	0
1	24	560	368	13	2	0	0
1	24	608	400	13	3	0	0	0
1	24	576	384	13	5	0	4	0	0	0
1	24	592	352	13	2	0	0
1	24	640	352	13	1	0
1	24	592	336	13	4	0	3	0	0
#----------------------------------------------- QUESTION BRICK --------------------------------------
1	25	528	384	4	1	0
1	25	640	368	4	1	0
#----------------------------------------------- MUSIC BRICK --------------------------------------
1	28	480	368	28	1	0
1	28	512	336	28	1	0
#----------------------------------------------- HIDDEN MUSIC BRICK --------------------------------------
1	29	544	368	29	1	0
#----------------------------------------------- BRICK ------------------------------------------------
#Category	type	x	y	ani_set_id	type_brick( 0: normal, 1: cloud)
1	27	720	352	1	4	0	0	0	0

1	27	832	352	1	1	0
1	27	832	368	1	1	0
1	27	832	384	1	1	0
1	27	832	400	1	1	0

1	27	960	368	1	1	0
1	27	960	384	1	1	0
1	27	960	400	1	1	0

1	27	1088	352	1	1	0
1	27	1088	368	1	1	0
1	27	1088	384	1	1	0
1	27	1088	400	1	1	0

1	27	1216	352	1	1	0
1	27	1216	368	1	1	0
1	27	1216	384	1	1	0
1	27	1216	400	1	1	0
#======================================================================================================
#=============================================== ENEMY ================================================
#======================================================================================================
#----------------------------------------------- GOOMBA -----------------------------------------------
#2	2	880	384	2
#2	2	1600	384	2
#2	2	1632	384	2
#----------------------------------------------- RED GOOMBA -----------------------------------------------
#2	26	1008	384	26
#2	26	1136	384	26
#----------------------------------------------- FLY GOOMBA -----------------------------------------------
2	30	2016	352	30
#----------------------------------------------- GREEN KOOPAS -----------------------------------------
#2	10	176	384	10
#2	10	784	384	10
#----------------------------------------------- BOOMERANG ENEMY --------------------------------------
#2	21	336	384	21
#2	21	1360	384	21
#----------------------------------------------- RED KOOPAS --------------------------------------------
#2	3	608	304	3
#======================================================================================================
#=============================================== ITEM ==============================================
#======================================================================================================
#----------------------------------------------- CARD -----------------------------------------
#3	19	2688	336	19
#----------------------------------------------- COIN -----------------------------------------
3	12	1008	320	12
3	12	1024	320	12
3	12	1040	320	12
3	12	1136	320	12
3	12	1152	320	12
3	12	1168	320	12